(kicad_pcb (version 20171130) (host pcbnew 5.0.0)

  (general
    (thickness 1.6)
    (drawings 18)
    (tracks 152)
    (zones 0)
    (modules 16)
    (nets 14)
  )

  (page A4)
  (layers
    (0 F.Cu signal)
    (31 B.Cu signal)
    (32 B.Adhes user)
    (33 F.Adhes user)
    (34 B.Paste user)
    (35 F.Paste user)
    (36 B.SilkS user)
    (37 F.SilkS user)
    (38 B.Mask user)
    (39 F.Mask user)
    (40 Dwgs.User user)
    (41 Cmts.User user)
    (42 Eco1.User user)
    (43 Eco2.User user)
    (44 Edge.Cuts user)
    (45 Margin user)
    (46 B.CrtYd user)
    (47 F.CrtYd user)
    (48 B.Fab user)
    (49 F.Fab user)
  )

  (setup
    (last_trace_width 0.25)
    (trace_clearance 0.2)
    (zone_clearance 0.508)
    (zone_45_only no)
    (trace_min 0.2)
    (segment_width 0.2)
    (edge_width 0.1)
    (via_size 0.8)
    (via_drill 0.4)
    (via_min_size 0.8)
    (via_min_drill 0.3)
    (uvia_size 0.3)
    (uvia_drill 0.1)
    (uvias_allowed no)
    (uvia_min_size 0.2)
    (uvia_min_drill 0.1)
    (pcb_text_width 0.3)
    (pcb_text_size 1.5 1.5)
    (mod_edge_width 0.15)
    (mod_text_size 1 1)
    (mod_text_width 0.15)
    (pad_size 1.7 1.7)
    (pad_drill 0.95)
    (pad_to_mask_clearance 0)
    (aux_axis_origin 0 0)
    (visible_elements FFFFFF7F)
    (pcbplotparams
      (layerselection 0x010f0_ffffffff)
      (usegerberextensions true)
      (usegerberattributes false)
      (usegerberadvancedattributes false)
      (creategerberjobfile false)
      (excludeedgelayer true)
      (linewidth 0.100000)
      (plotframeref false)
      (viasonmask false)
      (mode 1)
      (useauxorigin false)
      (hpglpennumber 1)
      (hpglpenspeed 20)
      (hpglpendiameter 15.000000)
      (psnegative false)
      (psa4output false)
      (plotreference true)
      (plotvalue false)
      (plotinvisibletext false)
      (padsonsilk false)
      (subtractmaskfromsilk true)
      (outputformat 1)
      (mirror false)
      (drillshape 0)
      (scaleselection 1)
      (outputdirectory ""))
  )

  (net 0 "")
  (net 1 VCC)
  (net 2 GND)
  (net 3 +3V3)
  (net 4 EN)
  (net 5 RST)
  (net 6 IO0)
  (net 7 RXD)
  (net 8 A)
  (net 9 B)
  (net 10 TXD)
  (net 11 IO2)
  (net 12 IO16)
  (net 13 IO15)

  (net_class Default "これはデフォルトのネット クラスです。"
    (clearance 0.2)
    (trace_width 0.25)
    (via_dia 0.8)
    (via_drill 0.4)
    (uvia_dia 0.3)
    (uvia_drill 0.1)
    (add_net A)
    (add_net B)
    (add_net EN)
    (add_net IO0)
    (add_net IO15)
    (add_net IO16)
    (add_net IO2)
    (add_net RST)
    (add_net RXD)
    (add_net TXD)
  )

  (net_class Power ""
    (clearance 0.2)
    (trace_width 0.5)
    (via_dia 0.8)
    (via_drill 0.4)
    (uvia_dia 0.3)
    (uvia_drill 0.1)
    (add_net +3V3)
    (add_net GND)
    (add_net VCC)
  )

  (module Capacitor_SMD:C_1206_3216Metric_Pad1.42x1.75mm_HandSolder (layer B.Cu) (tedit 5B301BBE) (tstamp 5BA45E26)
    (at 117.602 123.825)
    (descr "Capacitor SMD 1206 (3216 Metric), square (rectangular) end terminal, IPC_7351 nominal with elongated pad for handsoldering. (Body size source: http://www.tortai-tech.com/upload/download/2011102023233369053.pdf), generated with kicad-footprint-generator")
    (tags "capacitor handsolder")
    (path /5BA86A4D)
    (attr smd)
    (fp_text reference C1 (at -1.651 -1.778) (layer B.SilkS)
      (effects (font (size 1 1) (thickness 0.15)) (justify mirror))
    )
    (fp_text value C (at 0 -1.82) (layer B.Fab)
      (effects (font (size 1 1) (thickness 0.15)) (justify mirror))
    )
    (fp_line (start -1.6 -0.8) (end -1.6 0.8) (layer B.Fab) (width 0.1))
    (fp_line (start -1.6 0.8) (end 1.6 0.8) (layer B.Fab) (width 0.1))
    (fp_line (start 1.6 0.8) (end 1.6 -0.8) (layer B.Fab) (width 0.1))
    (fp_line (start 1.6 -0.8) (end -1.6 -0.8) (layer B.Fab) (width 0.1))
    (fp_line (start -0.602064 0.91) (end 0.602064 0.91) (layer B.SilkS) (width 0.12))
    (fp_line (start -0.602064 -0.91) (end 0.602064 -0.91) (layer B.SilkS) (width 0.12))
    (fp_line (start -2.45 -1.12) (end -2.45 1.12) (layer B.CrtYd) (width 0.05))
    (fp_line (start -2.45 1.12) (end 2.45 1.12) (layer B.CrtYd) (width 0.05))
    (fp_line (start 2.45 1.12) (end 2.45 -1.12) (layer B.CrtYd) (width 0.05))
    (fp_line (start 2.45 -1.12) (end -2.45 -1.12) (layer B.CrtYd) (width 0.05))
    (fp_text user %R (at 0 0) (layer B.Fab)
      (effects (font (size 0.8 0.8) (thickness 0.12)) (justify mirror))
    )
    (pad 1 smd roundrect (at -1.4875 0) (size 1.425 1.75) (layers B.Cu B.Paste B.Mask) (roundrect_rratio 0.175439)
      (net 1 VCC))
    (pad 2 smd roundrect (at 1.4875 0) (size 1.425 1.75) (layers B.Cu B.Paste B.Mask) (roundrect_rratio 0.175439)
      (net 2 GND))
    (model ${KISYS3DMOD}/Capacitor_SMD.3dshapes/C_1206_3216Metric.wrl
      (at (xyz 0 0 0))
      (scale (xyz 1 1 1))
      (rotate (xyz 0 0 0))
    )
  )

  (module Capacitor_SMD:C_1206_3216Metric_Pad1.42x1.75mm_HandSolder (layer B.Cu) (tedit 5B301BBE) (tstamp 5BA45E37)
    (at 117.602 126.365)
    (descr "Capacitor SMD 1206 (3216 Metric), square (rectangular) end terminal, IPC_7351 nominal with elongated pad for handsoldering. (Body size source: http://www.tortai-tech.com/upload/download/2011102023233369053.pdf), generated with kicad-footprint-generator")
    (tags "capacitor handsolder")
    (path /5BA86B48)
    (attr smd)
    (fp_text reference C2 (at -3.175 1.143) (layer B.SilkS)
      (effects (font (size 1 1) (thickness 0.15)) (justify mirror))
    )
    (fp_text value C (at 0 -1.82) (layer B.Fab)
      (effects (font (size 1 1) (thickness 0.15)) (justify mirror))
    )
    (fp_text user %R (at 0 0) (layer B.Fab)
      (effects (font (size 0.8 0.8) (thickness 0.12)) (justify mirror))
    )
    (fp_line (start 2.45 -1.12) (end -2.45 -1.12) (layer B.CrtYd) (width 0.05))
    (fp_line (start 2.45 1.12) (end 2.45 -1.12) (layer B.CrtYd) (width 0.05))
    (fp_line (start -2.45 1.12) (end 2.45 1.12) (layer B.CrtYd) (width 0.05))
    (fp_line (start -2.45 -1.12) (end -2.45 1.12) (layer B.CrtYd) (width 0.05))
    (fp_line (start -0.602064 -0.91) (end 0.602064 -0.91) (layer B.SilkS) (width 0.12))
    (fp_line (start -0.602064 0.91) (end 0.602064 0.91) (layer B.SilkS) (width 0.12))
    (fp_line (start 1.6 -0.8) (end -1.6 -0.8) (layer B.Fab) (width 0.1))
    (fp_line (start 1.6 0.8) (end 1.6 -0.8) (layer B.Fab) (width 0.1))
    (fp_line (start -1.6 0.8) (end 1.6 0.8) (layer B.Fab) (width 0.1))
    (fp_line (start -1.6 -0.8) (end -1.6 0.8) (layer B.Fab) (width 0.1))
    (pad 2 smd roundrect (at 1.4875 0) (size 1.425 1.75) (layers B.Cu B.Paste B.Mask) (roundrect_rratio 0.175439)
      (net 2 GND))
    (pad 1 smd roundrect (at -1.4875 0) (size 1.425 1.75) (layers B.Cu B.Paste B.Mask) (roundrect_rratio 0.175439)
      (net 1 VCC))
    (model ${KISYS3DMOD}/Capacitor_SMD.3dshapes/C_1206_3216Metric.wrl
      (at (xyz 0 0 0))
      (scale (xyz 1 1 1))
      (rotate (xyz 0 0 0))
    )
  )

  (module Capacitor_SMD:C_1206_3216Metric_Pad1.42x1.75mm_HandSolder (layer B.Cu) (tedit 5B301BBE) (tstamp 5BA45E59)
    (at 117.856 109.728)
    (descr "Capacitor SMD 1206 (3216 Metric), square (rectangular) end terminal, IPC_7351 nominal with elongated pad for handsoldering. (Body size source: http://www.tortai-tech.com/upload/download/2011102023233369053.pdf), generated with kicad-footprint-generator")
    (tags "capacitor handsolder")
    (path /5BA86D43)
    (attr smd)
    (fp_text reference C4 (at 3.683 0) (layer B.SilkS)
      (effects (font (size 1 1) (thickness 0.15)) (justify mirror))
    )
    (fp_text value C (at 0 -1.82) (layer B.Fab)
      (effects (font (size 1 1) (thickness 0.15)) (justify mirror))
    )
    (fp_text user %R (at 0 0) (layer B.Fab)
      (effects (font (size 0.8 0.8) (thickness 0.12)) (justify mirror))
    )
    (fp_line (start 2.45 -1.12) (end -2.45 -1.12) (layer B.CrtYd) (width 0.05))
    (fp_line (start 2.45 1.12) (end 2.45 -1.12) (layer B.CrtYd) (width 0.05))
    (fp_line (start -2.45 1.12) (end 2.45 1.12) (layer B.CrtYd) (width 0.05))
    (fp_line (start -2.45 -1.12) (end -2.45 1.12) (layer B.CrtYd) (width 0.05))
    (fp_line (start -0.602064 -0.91) (end 0.602064 -0.91) (layer B.SilkS) (width 0.12))
    (fp_line (start -0.602064 0.91) (end 0.602064 0.91) (layer B.SilkS) (width 0.12))
    (fp_line (start 1.6 -0.8) (end -1.6 -0.8) (layer B.Fab) (width 0.1))
    (fp_line (start 1.6 0.8) (end 1.6 -0.8) (layer B.Fab) (width 0.1))
    (fp_line (start -1.6 0.8) (end 1.6 0.8) (layer B.Fab) (width 0.1))
    (fp_line (start -1.6 -0.8) (end -1.6 0.8) (layer B.Fab) (width 0.1))
    (pad 2 smd roundrect (at 1.4875 0) (size 1.425 1.75) (layers B.Cu B.Paste B.Mask) (roundrect_rratio 0.175439)
      (net 2 GND))
    (pad 1 smd roundrect (at -1.4875 0) (size 1.425 1.75) (layers B.Cu B.Paste B.Mask) (roundrect_rratio 0.175439)
      (net 3 +3V3))
    (model ${KISYS3DMOD}/Capacitor_SMD.3dshapes/C_1206_3216Metric.wrl
      (at (xyz 0 0 0))
      (scale (xyz 1 1 1))
      (rotate (xyz 0 0 0))
    )
  )

  (module Capacitor_SMD:C_0805_2012Metric_Pad1.15x1.40mm_HandSolder (layer B.Cu) (tedit 5B36C52B) (tstamp 5BA45E6A)
    (at 131.826 112.649 270)
    (descr "Capacitor SMD 0805 (2012 Metric), square (rectangular) end terminal, IPC_7351 nominal with elongated pad for handsoldering. (Body size source: https://docs.google.com/spreadsheets/d/1BsfQQcO9C6DZCsRaXUlFlo91Tg2WpOkGARC1WS5S8t0/edit?usp=sharing), generated with kicad-footprint-generator")
    (tags "capacitor handsolder")
    (path /5BA20D2D)
    (attr smd)
    (fp_text reference C5 (at 2.667 0.042332 270) (layer B.SilkS)
      (effects (font (size 1 1) (thickness 0.15)) (justify mirror))
    )
    (fp_text value C (at 0 -1.65 270) (layer B.Fab)
      (effects (font (size 1 1) (thickness 0.15)) (justify mirror))
    )
    (fp_line (start -1 -0.6) (end -1 0.6) (layer B.Fab) (width 0.1))
    (fp_line (start -1 0.6) (end 1 0.6) (layer B.Fab) (width 0.1))
    (fp_line (start 1 0.6) (end 1 -0.6) (layer B.Fab) (width 0.1))
    (fp_line (start 1 -0.6) (end -1 -0.6) (layer B.Fab) (width 0.1))
    (fp_line (start -0.261252 0.71) (end 0.261252 0.71) (layer B.SilkS) (width 0.12))
    (fp_line (start -0.261252 -0.71) (end 0.261252 -0.71) (layer B.SilkS) (width 0.12))
    (fp_line (start -1.85 -0.95) (end -1.85 0.95) (layer B.CrtYd) (width 0.05))
    (fp_line (start -1.85 0.95) (end 1.85 0.95) (layer B.CrtYd) (width 0.05))
    (fp_line (start 1.85 0.95) (end 1.85 -0.95) (layer B.CrtYd) (width 0.05))
    (fp_line (start 1.85 -0.95) (end -1.85 -0.95) (layer B.CrtYd) (width 0.05))
    (fp_text user %R (at 0 0 270) (layer B.Fab)
      (effects (font (size 0.5 0.5) (thickness 0.08)) (justify mirror))
    )
    (pad 1 smd roundrect (at -1.025 0 270) (size 1.15 1.4) (layers B.Cu B.Paste B.Mask) (roundrect_rratio 0.217391)
      (net 4 EN))
    (pad 2 smd roundrect (at 1.025 0 270) (size 1.15 1.4) (layers B.Cu B.Paste B.Mask) (roundrect_rratio 0.217391)
      (net 2 GND))
    (model ${KISYS3DMOD}/Capacitor_SMD.3dshapes/C_0805_2012Metric.wrl
      (at (xyz 0 0 0))
      (scale (xyz 1 1 1))
      (rotate (xyz 0 0 0))
    )
  )

  (module Package_SO:SOIC-8_3.9x4.9mm_P1.27mm (layer B.Cu) (tedit 5A02F2D3) (tstamp 5BA45F6C)
    (at 128.778 117.856)
    (descr "8-Lead Plastic Small Outline (SN) - Narrow, 3.90 mm Body [SOIC] (see Microchip Packaging Specification 00000049BS.pdf)")
    (tags "SOIC 1.27")
    (path /5B923B04)
    (attr smd)
    (fp_text reference U1 (at 0.635 3.556) (layer B.SilkS)
      (effects (font (size 1 1) (thickness 0.15)) (justify mirror))
    )
    (fp_text value MAX3485 (at 0 -3.5) (layer B.Fab)
      (effects (font (size 1 1) (thickness 0.15)) (justify mirror))
    )
    (fp_text user %R (at 0 0) (layer B.Fab)
      (effects (font (size 1 1) (thickness 0.15)) (justify mirror))
    )
    (fp_line (start -0.95 2.45) (end 1.95 2.45) (layer B.Fab) (width 0.1))
    (fp_line (start 1.95 2.45) (end 1.95 -2.45) (layer B.Fab) (width 0.1))
    (fp_line (start 1.95 -2.45) (end -1.95 -2.45) (layer B.Fab) (width 0.1))
    (fp_line (start -1.95 -2.45) (end -1.95 1.45) (layer B.Fab) (width 0.1))
    (fp_line (start -1.95 1.45) (end -0.95 2.45) (layer B.Fab) (width 0.1))
    (fp_line (start -3.73 2.7) (end -3.73 -2.7) (layer B.CrtYd) (width 0.05))
    (fp_line (start 3.73 2.7) (end 3.73 -2.7) (layer B.CrtYd) (width 0.05))
    (fp_line (start -3.73 2.7) (end 3.73 2.7) (layer B.CrtYd) (width 0.05))
    (fp_line (start -3.73 -2.7) (end 3.73 -2.7) (layer B.CrtYd) (width 0.05))
    (fp_line (start -2.075 2.575) (end -2.075 2.525) (layer B.SilkS) (width 0.15))
    (fp_line (start 2.075 2.575) (end 2.075 2.43) (layer B.SilkS) (width 0.15))
    (fp_line (start 2.075 -2.575) (end 2.075 -2.43) (layer B.SilkS) (width 0.15))
    (fp_line (start -2.075 -2.575) (end -2.075 -2.43) (layer B.SilkS) (width 0.15))
    (fp_line (start -2.075 2.575) (end 2.075 2.575) (layer B.SilkS) (width 0.15))
    (fp_line (start -2.075 -2.575) (end 2.075 -2.575) (layer B.SilkS) (width 0.15))
    (fp_line (start -2.075 2.525) (end -3.475 2.525) (layer B.SilkS) (width 0.15))
    (pad 1 smd rect (at -2.7 1.905) (size 1.55 0.6) (layers B.Cu B.Paste B.Mask)
      (net 6 IO0))
    (pad 2 smd rect (at -2.7 0.635) (size 1.55 0.6) (layers B.Cu B.Paste B.Mask)
      (net 11 IO2))
    (pad 3 smd rect (at -2.7 -0.635) (size 1.55 0.6) (layers B.Cu B.Paste B.Mask)
      (net 13 IO15))
    (pad 4 smd rect (at -2.7 -1.905) (size 1.55 0.6) (layers B.Cu B.Paste B.Mask)
      (net 6 IO0))
    (pad 5 smd rect (at 2.7 -1.905) (size 1.55 0.6) (layers B.Cu B.Paste B.Mask)
      (net 2 GND))
    (pad 6 smd rect (at 2.7 -0.635) (size 1.55 0.6) (layers B.Cu B.Paste B.Mask)
      (net 8 A))
    (pad 7 smd rect (at 2.7 0.635) (size 1.55 0.6) (layers B.Cu B.Paste B.Mask)
      (net 9 B))
    (pad 8 smd rect (at 2.7 1.905) (size 1.55 0.6) (layers B.Cu B.Paste B.Mask)
      (net 3 +3V3))
    (model ${KISYS3DMOD}/Package_SO.3dshapes/SOIC-8_3.9x4.9mm_P1.27mm.wrl
      (at (xyz 0 0 0))
      (scale (xyz 1 1 1))
      (rotate (xyz 0 0 0))
    )
  )

  (module Package_TO_SOT_SMD:SOT-223-3_TabPin2 (layer B.Cu) (tedit 5A02FF57) (tstamp 5BA45FB0)
    (at 119.634 118.999 180)
    (descr "module CMS SOT223 4 pins")
    (tags "CMS SOT")
    (path /5BA6808A)
    (attr smd)
    (fp_text reference U3 (at 0.127 2.413 180) (layer B.SilkS)
      (effects (font (size 1 1) (thickness 0.15)) (justify mirror))
    )
    (fp_text value AMS1117-3.3 (at 0 -4.5 180) (layer B.Fab)
      (effects (font (size 1 1) (thickness 0.15)) (justify mirror))
    )
    (fp_text user %R (at 0 0 90) (layer B.Fab)
      (effects (font (size 0.8 0.8) (thickness 0.12)) (justify mirror))
    )
    (fp_line (start 1.91 -3.41) (end 1.91 -2.15) (layer B.SilkS) (width 0.12))
    (fp_line (start 1.91 3.41) (end 1.91 2.15) (layer B.SilkS) (width 0.12))
    (fp_line (start 4.4 3.6) (end -4.4 3.6) (layer B.CrtYd) (width 0.05))
    (fp_line (start 4.4 -3.6) (end 4.4 3.6) (layer B.CrtYd) (width 0.05))
    (fp_line (start -4.4 -3.6) (end 4.4 -3.6) (layer B.CrtYd) (width 0.05))
    (fp_line (start -4.4 3.6) (end -4.4 -3.6) (layer B.CrtYd) (width 0.05))
    (fp_line (start -1.85 2.35) (end -0.85 3.35) (layer B.Fab) (width 0.1))
    (fp_line (start -1.85 2.35) (end -1.85 -3.35) (layer B.Fab) (width 0.1))
    (fp_line (start -1.85 -3.41) (end 1.91 -3.41) (layer B.SilkS) (width 0.12))
    (fp_line (start -0.85 3.35) (end 1.85 3.35) (layer B.Fab) (width 0.1))
    (fp_line (start -4.1 3.41) (end 1.91 3.41) (layer B.SilkS) (width 0.12))
    (fp_line (start -1.85 -3.35) (end 1.85 -3.35) (layer B.Fab) (width 0.1))
    (fp_line (start 1.85 3.35) (end 1.85 -3.35) (layer B.Fab) (width 0.1))
    (pad 2 smd rect (at 3.15 0 180) (size 2 3.8) (layers B.Cu B.Paste B.Mask)
      (net 3 +3V3))
    (pad 2 smd rect (at -3.15 0 180) (size 2 1.5) (layers B.Cu B.Paste B.Mask)
      (net 3 +3V3))
    (pad 3 smd rect (at -3.15 -2.3 180) (size 2 1.5) (layers B.Cu B.Paste B.Mask)
      (net 1 VCC))
    (pad 1 smd rect (at -3.15 2.3 180) (size 2 1.5) (layers B.Cu B.Paste B.Mask)
      (net 2 GND))
    (model ${KISYS3DMOD}/Package_TO_SOT_SMD.3dshapes/SOT-223.wrl
      (at (xyz 0 0 0))
      (scale (xyz 1 1 1))
      (rotate (xyz 0 0 0))
    )
  )

  (module Capacitor_Tantalum_SMD:CP_EIA-7343-15_Kemet-W_Pad2.25x2.55mm_HandSolder (layer B.Cu) (tedit 5B301BBE) (tstamp 5BDE87A8)
    (at 119.761 113.284)
    (descr "Tantalum Capacitor SMD Kemet-W (7343-15 Metric), IPC_7351 nominal, (Body size from: http://www.kemet.com/Lists/ProductCatalog/Attachments/253/KEM_TC101_STD.pdf), generated with kicad-footprint-generator")
    (tags "capacitor tantalum")
    (path /5BA86C88)
    (attr smd)
    (fp_text reference C3 (at 0 0) (layer B.SilkS)
      (effects (font (size 1 1) (thickness 0.15)) (justify mirror))
    )
    (fp_text value C (at 0 -3.1) (layer B.Fab)
      (effects (font (size 1 1) (thickness 0.15)) (justify mirror))
    )
    (fp_line (start 3.65 2.15) (end -2.65 2.15) (layer B.Fab) (width 0.1))
    (fp_line (start -2.65 2.15) (end -3.65 1.15) (layer B.Fab) (width 0.1))
    (fp_line (start -3.65 1.15) (end -3.65 -2.15) (layer B.Fab) (width 0.1))
    (fp_line (start -3.65 -2.15) (end 3.65 -2.15) (layer B.Fab) (width 0.1))
    (fp_line (start 3.65 -2.15) (end 3.65 2.15) (layer B.Fab) (width 0.1))
    (fp_line (start 3.65 2.26) (end -4.585 2.26) (layer B.SilkS) (width 0.12))
    (fp_line (start -4.585 2.26) (end -4.585 -2.26) (layer B.SilkS) (width 0.12))
    (fp_line (start -4.585 -2.26) (end 3.65 -2.26) (layer B.SilkS) (width 0.12))
    (fp_line (start -4.58 -2.4) (end -4.58 2.4) (layer B.CrtYd) (width 0.05))
    (fp_line (start -4.58 2.4) (end 4.58 2.4) (layer B.CrtYd) (width 0.05))
    (fp_line (start 4.58 2.4) (end 4.58 -2.4) (layer B.CrtYd) (width 0.05))
    (fp_line (start 4.58 -2.4) (end -4.58 -2.4) (layer B.CrtYd) (width 0.05))
    (fp_text user %R (at 0 0) (layer B.Fab)
      (effects (font (size 1 1) (thickness 0.15)) (justify mirror))
    )
    (pad 1 smd roundrect (at -3.2 0) (size 2.25 2.55) (layers B.Cu B.Paste B.Mask) (roundrect_rratio 0.111111)
      (net 3 +3V3))
    (pad 2 smd roundrect (at 3.2 0) (size 2.25 2.55) (layers B.Cu B.Paste B.Mask) (roundrect_rratio 0.111111)
      (net 2 GND))
    (model ${KISYS3DMOD}/Capacitor_Tantalum_SMD.3dshapes/CP_EIA-7343-15_Kemet-W.wrl
      (at (xyz 0 0 0))
      (scale (xyz 1 1 1))
      (rotate (xyz 0 0 0))
    )
  )

  (module Capacitor_SMD:C_0805_2012Metric_Pad1.15x1.40mm_HandSolder (layer B.Cu) (tedit 5B36C52B) (tstamp 5BDE87CA)
    (at 128.524 123.571 90)
    (descr "Capacitor SMD 0805 (2012 Metric), square (rectangular) end terminal, IPC_7351 nominal with elongated pad for handsoldering. (Body size source: https://docs.google.com/spreadsheets/d/1BsfQQcO9C6DZCsRaXUlFlo91Tg2WpOkGARC1WS5S8t0/edit?usp=sharing), generated with kicad-footprint-generator")
    (tags "capacitor handsolder")
    (path /5BDFB95C)
    (attr smd)
    (fp_text reference C6 (at 2.667 0 90) (layer B.SilkS)
      (effects (font (size 1 1) (thickness 0.15)) (justify mirror))
    )
    (fp_text value C (at 0 -1.65 90) (layer B.Fab)
      (effects (font (size 1 1) (thickness 0.15)) (justify mirror))
    )
    (fp_line (start -1 -0.6) (end -1 0.6) (layer B.Fab) (width 0.1))
    (fp_line (start -1 0.6) (end 1 0.6) (layer B.Fab) (width 0.1))
    (fp_line (start 1 0.6) (end 1 -0.6) (layer B.Fab) (width 0.1))
    (fp_line (start 1 -0.6) (end -1 -0.6) (layer B.Fab) (width 0.1))
    (fp_line (start -0.261252 0.71) (end 0.261252 0.71) (layer B.SilkS) (width 0.12))
    (fp_line (start -0.261252 -0.71) (end 0.261252 -0.71) (layer B.SilkS) (width 0.12))
    (fp_line (start -1.85 -0.95) (end -1.85 0.95) (layer B.CrtYd) (width 0.05))
    (fp_line (start -1.85 0.95) (end 1.85 0.95) (layer B.CrtYd) (width 0.05))
    (fp_line (start 1.85 0.95) (end 1.85 -0.95) (layer B.CrtYd) (width 0.05))
    (fp_line (start 1.85 -0.95) (end -1.85 -0.95) (layer B.CrtYd) (width 0.05))
    (fp_text user %R (at 0 0 90) (layer B.Fab)
      (effects (font (size 0.5 0.5) (thickness 0.08)) (justify mirror))
    )
    (pad 1 smd roundrect (at -1.025 0 90) (size 1.15 1.4) (layers B.Cu B.Paste B.Mask) (roundrect_rratio 0.217391)
      (net 5 RST))
    (pad 2 smd roundrect (at 1.025 0 90) (size 1.15 1.4) (layers B.Cu B.Paste B.Mask) (roundrect_rratio 0.217391)
      (net 2 GND))
    (model ${KISYS3DMOD}/Capacitor_SMD.3dshapes/C_0805_2012Metric.wrl
      (at (xyz 0 0 0))
      (scale (xyz 1 1 1))
      (rotate (xyz 0 0 0))
    )
  )

  (module Resistor_SMD:R_0805_2012Metric_Pad1.15x1.40mm_HandSolder (layer B.Cu) (tedit 5B36C52B) (tstamp 5BDE880F)
    (at 130.683 123.571 90)
    (descr "Resistor SMD 0805 (2012 Metric), square (rectangular) end terminal, IPC_7351 nominal with elongated pad for handsoldering. (Body size source: https://docs.google.com/spreadsheets/d/1BsfQQcO9C6DZCsRaXUlFlo91Tg2WpOkGARC1WS5S8t0/edit?usp=sharing), generated with kicad-footprint-generator")
    (tags "resistor handsolder")
    (path /5BDECDB3)
    (attr smd)
    (fp_text reference R6 (at -2.667 0 90) (layer B.SilkS)
      (effects (font (size 1 1) (thickness 0.15)) (justify mirror))
    )
    (fp_text value 1K (at 0 -1.65 90) (layer B.Fab)
      (effects (font (size 1 1) (thickness 0.15)) (justify mirror))
    )
    (fp_line (start -1 -0.6) (end -1 0.6) (layer B.Fab) (width 0.1))
    (fp_line (start -1 0.6) (end 1 0.6) (layer B.Fab) (width 0.1))
    (fp_line (start 1 0.6) (end 1 -0.6) (layer B.Fab) (width 0.1))
    (fp_line (start 1 -0.6) (end -1 -0.6) (layer B.Fab) (width 0.1))
    (fp_line (start -0.261252 0.71) (end 0.261252 0.71) (layer B.SilkS) (width 0.12))
    (fp_line (start -0.261252 -0.71) (end 0.261252 -0.71) (layer B.SilkS) (width 0.12))
    (fp_line (start -1.85 -0.95) (end -1.85 0.95) (layer B.CrtYd) (width 0.05))
    (fp_line (start -1.85 0.95) (end 1.85 0.95) (layer B.CrtYd) (width 0.05))
    (fp_line (start 1.85 0.95) (end 1.85 -0.95) (layer B.CrtYd) (width 0.05))
    (fp_line (start 1.85 -0.95) (end -1.85 -0.95) (layer B.CrtYd) (width 0.05))
    (fp_text user %R (at 0 0 90) (layer B.Fab)
      (effects (font (size 0.5 0.5) (thickness 0.08)) (justify mirror))
    )
    (pad 1 smd roundrect (at -1.025 0 90) (size 1.15 1.4) (layers B.Cu B.Paste B.Mask) (roundrect_rratio 0.217391)
      (net 5 RST))
    (pad 2 smd roundrect (at 1.025 0 90) (size 1.15 1.4) (layers B.Cu B.Paste B.Mask) (roundrect_rratio 0.217391)
      (net 12 IO16))
    (model ${KISYS3DMOD}/Resistor_SMD.3dshapes/R_0805_2012Metric.wrl
      (at (xyz 0 0 0))
      (scale (xyz 1 1 1))
      (rotate (xyz 0 0 0))
    )
  )

  (module Resistor_SMD:R_0603_1608Metric_Pad1.05x0.95mm_HandSolder (layer B.Cu) (tedit 5B301BBD) (tstamp 5BDFDE67)
    (at 130.048 112.395 270)
    (descr "Resistor SMD 0603 (1608 Metric), square (rectangular) end terminal, IPC_7351 nominal with elongated pad for handsoldering. (Body size source: http://www.tortai-tech.com/upload/download/2011102023233369053.pdf), generated with kicad-footprint-generator")
    (tags "resistor handsolder")
    (path /5B923C52)
    (attr smd)
    (fp_text reference R1 (at 2.413 0 270) (layer B.SilkS)
      (effects (font (size 1 1) (thickness 0.15)) (justify mirror))
    )
    (fp_text value 10K (at 0 -1.43 270) (layer B.Fab)
      (effects (font (size 1 1) (thickness 0.15)) (justify mirror))
    )
    (fp_line (start -0.8 -0.4) (end -0.8 0.4) (layer B.Fab) (width 0.1))
    (fp_line (start -0.8 0.4) (end 0.8 0.4) (layer B.Fab) (width 0.1))
    (fp_line (start 0.8 0.4) (end 0.8 -0.4) (layer B.Fab) (width 0.1))
    (fp_line (start 0.8 -0.4) (end -0.8 -0.4) (layer B.Fab) (width 0.1))
    (fp_line (start -0.171267 0.51) (end 0.171267 0.51) (layer B.SilkS) (width 0.12))
    (fp_line (start -0.171267 -0.51) (end 0.171267 -0.51) (layer B.SilkS) (width 0.12))
    (fp_line (start -1.65 -0.73) (end -1.65 0.73) (layer B.CrtYd) (width 0.05))
    (fp_line (start -1.65 0.73) (end 1.65 0.73) (layer B.CrtYd) (width 0.05))
    (fp_line (start 1.65 0.73) (end 1.65 -0.73) (layer B.CrtYd) (width 0.05))
    (fp_line (start 1.65 -0.73) (end -1.65 -0.73) (layer B.CrtYd) (width 0.05))
    (fp_text user %R (at 0 0 270) (layer B.Fab)
      (effects (font (size 0.4 0.4) (thickness 0.06)) (justify mirror))
    )
    (pad 1 smd roundrect (at -0.875 0 270) (size 1.05 0.95) (layers B.Cu B.Paste B.Mask) (roundrect_rratio 0.25)
      (net 4 EN))
    (pad 2 smd roundrect (at 0.875 0 270) (size 1.05 0.95) (layers B.Cu B.Paste B.Mask) (roundrect_rratio 0.25)
      (net 3 +3V3))
    (model ${KISYS3DMOD}/Resistor_SMD.3dshapes/R_0603_1608Metric.wrl
      (at (xyz 0 0 0))
      (scale (xyz 1 1 1))
      (rotate (xyz 0 0 0))
    )
  )

  (module Resistor_SMD:R_0603_1608Metric_Pad1.05x0.95mm_HandSolder (layer B.Cu) (tedit 5B301BBD) (tstamp 5BDFDE77)
    (at 127 112.395 270)
    (descr "Resistor SMD 0603 (1608 Metric), square (rectangular) end terminal, IPC_7351 nominal with elongated pad for handsoldering. (Body size source: http://www.tortai-tech.com/upload/download/2011102023233369053.pdf), generated with kicad-footprint-generator")
    (tags "resistor handsolder")
    (path /5B923CFF)
    (attr smd)
    (fp_text reference R2 (at 2.413 -0.254 270) (layer B.SilkS)
      (effects (font (size 1 1) (thickness 0.15)) (justify mirror))
    )
    (fp_text value 10K (at 0 -1.43 270) (layer B.Fab)
      (effects (font (size 1 1) (thickness 0.15)) (justify mirror))
    )
    (fp_text user %R (at 0 0 270) (layer B.Fab)
      (effects (font (size 0.4 0.4) (thickness 0.06)) (justify mirror))
    )
    (fp_line (start 1.65 -0.73) (end -1.65 -0.73) (layer B.CrtYd) (width 0.05))
    (fp_line (start 1.65 0.73) (end 1.65 -0.73) (layer B.CrtYd) (width 0.05))
    (fp_line (start -1.65 0.73) (end 1.65 0.73) (layer B.CrtYd) (width 0.05))
    (fp_line (start -1.65 -0.73) (end -1.65 0.73) (layer B.CrtYd) (width 0.05))
    (fp_line (start -0.171267 -0.51) (end 0.171267 -0.51) (layer B.SilkS) (width 0.12))
    (fp_line (start -0.171267 0.51) (end 0.171267 0.51) (layer B.SilkS) (width 0.12))
    (fp_line (start 0.8 -0.4) (end -0.8 -0.4) (layer B.Fab) (width 0.1))
    (fp_line (start 0.8 0.4) (end 0.8 -0.4) (layer B.Fab) (width 0.1))
    (fp_line (start -0.8 0.4) (end 0.8 0.4) (layer B.Fab) (width 0.1))
    (fp_line (start -0.8 -0.4) (end -0.8 0.4) (layer B.Fab) (width 0.1))
    (pad 2 smd roundrect (at 0.875 0 270) (size 1.05 0.95) (layers B.Cu B.Paste B.Mask) (roundrect_rratio 0.25)
      (net 3 +3V3))
    (pad 1 smd roundrect (at -0.875 0 270) (size 1.05 0.95) (layers B.Cu B.Paste B.Mask) (roundrect_rratio 0.25)
      (net 11 IO2))
    (model ${KISYS3DMOD}/Resistor_SMD.3dshapes/R_0603_1608Metric.wrl
      (at (xyz 0 0 0))
      (scale (xyz 1 1 1))
      (rotate (xyz 0 0 0))
    )
  )

  (module Resistor_SMD:R_0603_1608Metric_Pad1.05x0.95mm_HandSolder (layer B.Cu) (tedit 5B301BBD) (tstamp 5BDFDE87)
    (at 126.365 123.571 90)
    (descr "Resistor SMD 0603 (1608 Metric), square (rectangular) end terminal, IPC_7351 nominal with elongated pad for handsoldering. (Body size source: http://www.tortai-tech.com/upload/download/2011102023233369053.pdf), generated with kicad-footprint-generator")
    (tags "resistor handsolder")
    (path /5B923D91)
    (attr smd)
    (fp_text reference R3 (at 2.413 -0.127 90) (layer B.SilkS)
      (effects (font (size 1 1) (thickness 0.15)) (justify mirror))
    )
    (fp_text value 10K (at 0 -1.43 90) (layer B.Fab)
      (effects (font (size 1 1) (thickness 0.15)) (justify mirror))
    )
    (fp_line (start -0.8 -0.4) (end -0.8 0.4) (layer B.Fab) (width 0.1))
    (fp_line (start -0.8 0.4) (end 0.8 0.4) (layer B.Fab) (width 0.1))
    (fp_line (start 0.8 0.4) (end 0.8 -0.4) (layer B.Fab) (width 0.1))
    (fp_line (start 0.8 -0.4) (end -0.8 -0.4) (layer B.Fab) (width 0.1))
    (fp_line (start -0.171267 0.51) (end 0.171267 0.51) (layer B.SilkS) (width 0.12))
    (fp_line (start -0.171267 -0.51) (end 0.171267 -0.51) (layer B.SilkS) (width 0.12))
    (fp_line (start -1.65 -0.73) (end -1.65 0.73) (layer B.CrtYd) (width 0.05))
    (fp_line (start -1.65 0.73) (end 1.65 0.73) (layer B.CrtYd) (width 0.05))
    (fp_line (start 1.65 0.73) (end 1.65 -0.73) (layer B.CrtYd) (width 0.05))
    (fp_line (start 1.65 -0.73) (end -1.65 -0.73) (layer B.CrtYd) (width 0.05))
    (fp_text user %R (at 0 0 90) (layer B.Fab)
      (effects (font (size 0.4 0.4) (thickness 0.06)) (justify mirror))
    )
    (pad 1 smd roundrect (at -0.875 0 90) (size 1.05 0.95) (layers B.Cu B.Paste B.Mask) (roundrect_rratio 0.25)
      (net 5 RST))
    (pad 2 smd roundrect (at 0.875 0 90) (size 1.05 0.95) (layers B.Cu B.Paste B.Mask) (roundrect_rratio 0.25)
      (net 3 +3V3))
    (model ${KISYS3DMOD}/Resistor_SMD.3dshapes/R_0603_1608Metric.wrl
      (at (xyz 0 0 0))
      (scale (xyz 1 1 1))
      (rotate (xyz 0 0 0))
    )
  )

  (module Resistor_SMD:R_0603_1608Metric_Pad1.05x0.95mm_HandSolder (layer B.Cu) (tedit 5B301BBD) (tstamp 5BDFDE97)
    (at 125.476 112.395 270)
    (descr "Resistor SMD 0603 (1608 Metric), square (rectangular) end terminal, IPC_7351 nominal with elongated pad for handsoldering. (Body size source: http://www.tortai-tech.com/upload/download/2011102023233369053.pdf), generated with kicad-footprint-generator")
    (tags "resistor handsolder")
    (path /5B924085)
    (attr smd)
    (fp_text reference R7 (at -2.413 0.254 270) (layer B.SilkS)
      (effects (font (size 1 1) (thickness 0.15)) (justify mirror))
    )
    (fp_text value 10K (at 0 -1.43 270) (layer B.Fab)
      (effects (font (size 1 1) (thickness 0.15)) (justify mirror))
    )
    (fp_text user %R (at 0 0 270) (layer B.Fab)
      (effects (font (size 0.4 0.4) (thickness 0.06)) (justify mirror))
    )
    (fp_line (start 1.65 -0.73) (end -1.65 -0.73) (layer B.CrtYd) (width 0.05))
    (fp_line (start 1.65 0.73) (end 1.65 -0.73) (layer B.CrtYd) (width 0.05))
    (fp_line (start -1.65 0.73) (end 1.65 0.73) (layer B.CrtYd) (width 0.05))
    (fp_line (start -1.65 -0.73) (end -1.65 0.73) (layer B.CrtYd) (width 0.05))
    (fp_line (start -0.171267 -0.51) (end 0.171267 -0.51) (layer B.SilkS) (width 0.12))
    (fp_line (start -0.171267 0.51) (end 0.171267 0.51) (layer B.SilkS) (width 0.12))
    (fp_line (start 0.8 -0.4) (end -0.8 -0.4) (layer B.Fab) (width 0.1))
    (fp_line (start 0.8 0.4) (end 0.8 -0.4) (layer B.Fab) (width 0.1))
    (fp_line (start -0.8 0.4) (end 0.8 0.4) (layer B.Fab) (width 0.1))
    (fp_line (start -0.8 -0.4) (end -0.8 0.4) (layer B.Fab) (width 0.1))
    (pad 2 smd roundrect (at 0.875 0 270) (size 1.05 0.95) (layers B.Cu B.Paste B.Mask) (roundrect_rratio 0.25)
      (net 3 +3V3))
    (pad 1 smd roundrect (at -0.875 0 270) (size 1.05 0.95) (layers B.Cu B.Paste B.Mask) (roundrect_rratio 0.25)
      (net 6 IO0))
    (model ${KISYS3DMOD}/Resistor_SMD.3dshapes/R_0603_1608Metric.wrl
      (at (xyz 0 0 0))
      (scale (xyz 1 1 1))
      (rotate (xyz 0 0 0))
    )
  )

  (module Resistor_SMD:R_0603_1608Metric_Pad1.05x0.95mm_HandSolder (layer B.Cu) (tedit 5B301BBD) (tstamp 5BDFDEA7)
    (at 128.524 112.395 90)
    (descr "Resistor SMD 0603 (1608 Metric), square (rectangular) end terminal, IPC_7351 nominal with elongated pad for handsoldering. (Body size source: http://www.tortai-tech.com/upload/download/2011102023233369053.pdf), generated with kicad-footprint-generator")
    (tags "resistor handsolder")
    (path /5B92408B)
    (attr smd)
    (fp_text reference R9 (at -2.286 -0.127 90) (layer B.SilkS)
      (effects (font (size 1 1) (thickness 0.15)) (justify mirror))
    )
    (fp_text value 10K (at 0 -1.43 90) (layer B.Fab)
      (effects (font (size 1 1) (thickness 0.15)) (justify mirror))
    )
    (fp_line (start -0.8 -0.4) (end -0.8 0.4) (layer B.Fab) (width 0.1))
    (fp_line (start -0.8 0.4) (end 0.8 0.4) (layer B.Fab) (width 0.1))
    (fp_line (start 0.8 0.4) (end 0.8 -0.4) (layer B.Fab) (width 0.1))
    (fp_line (start 0.8 -0.4) (end -0.8 -0.4) (layer B.Fab) (width 0.1))
    (fp_line (start -0.171267 0.51) (end 0.171267 0.51) (layer B.SilkS) (width 0.12))
    (fp_line (start -0.171267 -0.51) (end 0.171267 -0.51) (layer B.SilkS) (width 0.12))
    (fp_line (start -1.65 -0.73) (end -1.65 0.73) (layer B.CrtYd) (width 0.05))
    (fp_line (start -1.65 0.73) (end 1.65 0.73) (layer B.CrtYd) (width 0.05))
    (fp_line (start 1.65 0.73) (end 1.65 -0.73) (layer B.CrtYd) (width 0.05))
    (fp_line (start 1.65 -0.73) (end -1.65 -0.73) (layer B.CrtYd) (width 0.05))
    (fp_text user %R (at 0 0 90) (layer B.Fab)
      (effects (font (size 0.4 0.4) (thickness 0.06)) (justify mirror))
    )
    (pad 1 smd roundrect (at -0.875 0 90) (size 1.05 0.95) (layers B.Cu B.Paste B.Mask) (roundrect_rratio 0.25)
      (net 2 GND))
    (pad 2 smd roundrect (at 0.875 0 90) (size 1.05 0.95) (layers B.Cu B.Paste B.Mask) (roundrect_rratio 0.25)
      (net 13 IO15))
    (model ${KISYS3DMOD}/Resistor_SMD.3dshapes/R_0603_1608Metric.wrl
      (at (xyz 0 0 0))
      (scale (xyz 1 1 1))
      (rotate (xyz 0 0 0))
    )
  )

  (module Connector_PinHeader_2.00mm:PinHeader_1x08_P2.00mm_Vertical (layer B.Cu) (tedit 59FED667) (tstamp 5BEA436B)
    (at 114.173 110.998 180)
    (descr "Through hole straight pin header, 1x08, 2.00mm pitch, single row")
    (tags "Through hole pin header THT 1x08 2.00mm single row")
    (path /5BA89674)
    (fp_text reference J1 (at 0 2.06 180) (layer B.SilkS)
      (effects (font (size 1 1) (thickness 0.15)) (justify mirror))
    )
    (fp_text value Conn_01x08 (at 0 -16.06 180) (layer B.Fab)
      (effects (font (size 1 1) (thickness 0.15)) (justify mirror))
    )
    (fp_line (start -0.5 1) (end 1 1) (layer B.Fab) (width 0.1))
    (fp_line (start 1 1) (end 1 -15) (layer B.Fab) (width 0.1))
    (fp_line (start 1 -15) (end -1 -15) (layer B.Fab) (width 0.1))
    (fp_line (start -1 -15) (end -1 0.5) (layer B.Fab) (width 0.1))
    (fp_line (start -1 0.5) (end -0.5 1) (layer B.Fab) (width 0.1))
    (fp_line (start -1.06 -15.06) (end 1.06 -15.06) (layer B.SilkS) (width 0.12))
    (fp_line (start -1.06 -1) (end -1.06 -15.06) (layer B.SilkS) (width 0.12))
    (fp_line (start 1.06 -1) (end 1.06 -15.06) (layer B.SilkS) (width 0.12))
    (fp_line (start -1.06 -1) (end 1.06 -1) (layer B.SilkS) (width 0.12))
    (fp_line (start -1.06 0) (end -1.06 1.06) (layer B.SilkS) (width 0.12))
    (fp_line (start -1.06 1.06) (end 0 1.06) (layer B.SilkS) (width 0.12))
    (fp_line (start -1.5 1.5) (end -1.5 -15.5) (layer B.CrtYd) (width 0.05))
    (fp_line (start -1.5 -15.5) (end 1.5 -15.5) (layer B.CrtYd) (width 0.05))
    (fp_line (start 1.5 -15.5) (end 1.5 1.5) (layer B.CrtYd) (width 0.05))
    (fp_line (start 1.5 1.5) (end -1.5 1.5) (layer B.CrtYd) (width 0.05))
    (fp_text user %R (at 0 -7 90) (layer B.Fab)
      (effects (font (size 1 1) (thickness 0.15)) (justify mirror))
    )
    (pad 1 thru_hole rect (at 0 0 180) (size 1.35 1.35) (drill 0.8) (layers *.Cu *.Mask)
      (net 6 IO0))
    (pad 2 thru_hole oval (at 0 -2 180) (size 1.35 1.35) (drill 0.8) (layers *.Cu *.Mask)
      (net 7 RXD))
    (pad 3 thru_hole oval (at 0 -4 180) (size 1.35 1.35) (drill 0.8) (layers *.Cu *.Mask)
      (net 2 GND))
    (pad 4 thru_hole oval (at 0 -6 180) (size 1.35 1.35) (drill 0.8) (layers *.Cu *.Mask)
      (net 8 A))
    (pad 5 thru_hole oval (at 0 -8 180) (size 1.35 1.35) (drill 0.8) (layers *.Cu *.Mask)
      (net 9 B))
    (pad 6 thru_hole oval (at 0 -10 180) (size 1.35 1.35) (drill 0.8) (layers *.Cu *.Mask)
      (net 1 VCC))
    (pad 7 thru_hole oval (at 0 -12 180) (size 1.35 1.35) (drill 0.8) (layers *.Cu *.Mask)
      (net 10 TXD))
    (pad 8 thru_hole oval (at 0 -14 180) (size 1.35 1.35) (drill 0.8) (layers *.Cu *.Mask)
      (net 5 RST))
    (model ${KISYS3DMOD}/Connector_PinHeader_2.00mm.3dshapes/PinHeader_1x08_P2.00mm_Vertical.wrl
      (at (xyz 0 0 0))
      (scale (xyz 1 1 1))
      (rotate (xyz 0 0 0))
    )
  )

  (module ESP8266:ESP-13-WROOM-02 (layer F.Cu) (tedit 57B0EDEC) (tstamp 5BE87764)
    (at 132.334 109.093 270)
    (descr "Module, ESP-8266, ESP-13-WROOM-02, 18 pad, SMD")
    (tags "Module ESP-8266 ESP8266")
    (path /5B923A7D)
    (fp_text reference U2 (at 5.207 0.889 270) (layer F.SilkS)
      (effects (font (size 1 1) (thickness 0.15)))
    )
    (fp_text value ESP-WROOM-02 (at 9 0 270) (layer F.Fab)
      (effects (font (size 1 1) (thickness 0.15)))
    )
    (fp_line (start 0 -6.985) (end 0 -0.8) (layer F.SilkS) (width 0.1524))
    (fp_line (start 17.9832 12.6) (end 17.9832 12.9794) (layer F.SilkS) (width 0.1524))
    (fp_line (start 0 12.6) (end 0 12.9794) (layer F.SilkS) (width 0.1524))
    (fp_line (start 17.9832 -6.985) (end 17.9832 -0.8) (layer F.SilkS) (width 0.1524))
    (fp_line (start 0 13.0175) (end 17.9832 13.0175) (layer F.SilkS) (width 0.1524))
    (fp_line (start 17.9705 -6.985) (end 0 -6.985) (layer F.SilkS) (width 0.1524))
    (fp_line (start 18 -7) (end 0 -1.2) (layer F.CrtYd) (width 0.1524))
    (fp_line (start 0 -7) (end 18 -1.2) (layer F.CrtYd) (width 0.1524))
    (fp_text user "No Copper" (at 9 -4 270) (layer F.CrtYd)
      (effects (font (size 1 1) (thickness 0.15)))
    )
    (fp_line (start 0 -7) (end 0 -1.2) (layer F.CrtYd) (width 0.1524))
    (fp_line (start 0 -1.2) (end 18 -1.2) (layer F.CrtYd) (width 0.1524))
    (fp_line (start 18 -1.2) (end 18 -7) (layer F.CrtYd) (width 0.1524))
    (fp_line (start 18 -7) (end 0 -7) (layer F.CrtYd) (width 0.1524))
    (fp_line (start 18 -7) (end 18 13) (layer F.Fab) (width 0.05))
    (fp_line (start 0 13) (end 18 13) (layer F.Fab) (width 0.05))
    (fp_line (start 0 13) (end 0 -7) (layer F.Fab) (width 0.05))
    (fp_line (start 0 -7) (end 18 -7) (layer F.Fab) (width 0.05))
    (pad 10 smd oval (at 18 12 270) (size 2 0.9) (layers F.Cu F.Paste F.Mask))
    (pad 9 smd oval (at 0 12 270) (size 2 0.9) (layers F.Cu F.Paste F.Mask)
      (net 2 GND))
    (pad 1 smd rect (at 0 0 270) (size 2 0.9) (layers F.Cu F.Paste F.Mask)
      (net 3 +3V3))
    (pad 2 smd oval (at 0 1.5 270) (size 2 0.9) (layers F.Cu F.Paste F.Mask)
      (net 4 EN))
    (pad 3 smd oval (at 0 3 270) (size 2 0.9) (layers F.Cu F.Paste F.Mask))
    (pad 4 smd oval (at 0 4.5 270) (size 2 0.9) (layers F.Cu F.Paste F.Mask))
    (pad 5 smd oval (at 0 6 270) (size 2 0.9) (layers F.Cu F.Paste F.Mask))
    (pad 6 smd oval (at 0 7.5 270) (size 2 0.9) (layers F.Cu F.Paste F.Mask)
      (net 13 IO15))
    (pad 7 smd oval (at 0 9 270) (size 2 0.9) (layers F.Cu F.Paste F.Mask)
      (net 11 IO2))
    (pad 8 smd oval (at 0 10.5 270) (size 2 0.9) (layers F.Cu F.Paste F.Mask)
      (net 6 IO0))
    (pad 11 smd oval (at 18 10.5 270) (size 2 0.9) (layers F.Cu F.Paste F.Mask)
      (net 7 RXD))
    (pad 12 smd oval (at 18 9 270) (size 2 0.9) (layers F.Cu F.Paste F.Mask)
      (net 10 TXD))
    (pad 13 smd oval (at 18 7.5 270) (size 2 0.9) (layers F.Cu F.Paste F.Mask)
      (net 2 GND))
    (pad 14 smd oval (at 18 6 270) (size 2 0.9) (layers F.Cu F.Paste F.Mask))
    (pad 15 smd oval (at 18 4.5 270) (size 2 0.9) (layers F.Cu F.Paste F.Mask)
      (net 5 RST))
    (pad 16 smd oval (at 18 3 270) (size 2 0.9) (layers F.Cu F.Paste F.Mask))
    (pad 17 smd oval (at 18 1.5 270) (size 2 0.9) (layers F.Cu F.Paste F.Mask)
      (net 12 IO16))
    (pad 18 smd oval (at 18 0 270) (size 2 0.9) (layers F.Cu F.Paste F.Mask)
      (net 2 GND))
    (pad PAD smd rect (at 10.12 6.58 270) (size 4.3 4.3) (layers F.Cu F.Paste F.Mask)
      (net 2 GND))
    (model ${ESPLIB}/ESP8266.3dshapes/ESP-13-wroom-02.wrl
      (at (xyz 0 0 0))
      (scale (xyz 0.3937 0.3937 0.3937))
      (rotate (xyz 0 0 0))
    )
  )

  (gr_text RST (at 116.205 124.968) (layer F.SilkS) (tstamp 5BE68B9E)
    (effects (font (size 0.8 0.8) (thickness 0.12)))
  )
  (gr_text TXD (at 116.205 123.063) (layer F.SilkS) (tstamp 5BE68B38)
    (effects (font (size 0.8 0.8) (thickness 0.12)))
  )
  (gr_text VIN (at 116.205 121.031) (layer F.SilkS) (tstamp 5BE68AD2)
    (effects (font (size 0.8 0.8) (thickness 0.12)))
  )
  (gr_text B (at 116.332 118.999) (layer F.SilkS) (tstamp 5BE68A6C)
    (effects (font (size 0.8 0.8) (thickness 0.12)))
  )
  (gr_text A (at 116.332 116.967) (layer F.SilkS) (tstamp 5BE68A06)
    (effects (font (size 0.8 0.8) (thickness 0.12)))
  )
  (gr_text GND (at 116.332 114.935) (layer F.SilkS) (tstamp 5BE689A0)
